
NODES = 50

LINKS = 4900

1 1 2
2 2 1
3 1 3
4 3 1
5 1 4
6 4 1
7 1 5
8 5 1
9 1 6
10 6 1
11 1 7
12 7 1
13 1 8
14 8 1
15 1 9
16 9 1
17 1 10
18 10 1
19 1 11
20 11 1
21 1 12
22 12 1
23 1 13
24 13 1
25 1 14
26 14 1
27 1 15
28 15 1
29 1 16
30 16 1
31 1 17
32 17 1
33 1 18
34 18 1
35 1 19
36 19 1
37 1 20
38 20 1
39 1 21
40 21 1
41 1 22
42 22 1
43 1 23
44 23 1
45 1 24
46 24 1
47 1 25
48 25 1
49 1 26
50 26 1
51 1 27
52 27 1
53 1 28
54 28 1
55 1 29
56 29 1
57 1 30
58 30 1
59 1 31
60 31 1
61 1 32
62 32 1
63 1 33
64 33 1
65 1 34
66 34 1
67 1 35
68 35 1
69 1 36
70 36 1
71 1 37
72 37 1
73 1 38
74 38 1
75 1 39
76 39 1
77 1 40
78 40 1
79 1 41
80 41 1
81 1 42
82 42 1
83 1 43
84 43 1
85 1 44
86 44 1
87 1 45
88 45 1
89 1 46
90 46 1
91 1 47
92 47 1
93 1 48
94 48 1
95 1 49
96 49 1
97 1 50
98 50 1
99 2 1
100 1 2
101 2 3
102 3 2
103 2 4
104 4 2
105 2 5
106 5 2
107 2 6
108 6 2
109 2 7
110 7 2
111 2 8
112 8 2
113 2 9
114 9 2
115 2 10
116 10 2
117 2 11
118 11 2
119 2 12
120 12 2
121 2 13
122 13 2
123 2 14
124 14 2
125 2 15
126 15 2
127 2 16
128 16 2
129 2 17
130 17 2
131 2 18
132 18 2
133 2 19
134 19 2
135 2 20
136 20 2
137 2 21
138 21 2
139 2 22
140 22 2
141 2 23
142 23 2
143 2 24
144 24 2
145 2 25
146 25 2
147 2 26
148 26 2
149 2 27
150 27 2
151 2 28
152 28 2
153 2 29
154 29 2
155 2 30
156 30 2
157 2 31
158 31 2
159 2 32
160 32 2
161 2 33
162 33 2
163 2 34
164 34 2
165 2 35
166 35 2
167 2 36
168 36 2
169 2 37
170 37 2
171 2 38
172 38 2
173 2 39
174 39 2
175 2 40
176 40 2
177 2 41
178 41 2
179 2 42
180 42 2
181 2 43
182 43 2
183 2 44
184 44 2
185 2 45
186 45 2
187 2 46
188 46 2
189 2 47
190 47 2
191 2 48
192 48 2
193 2 49
194 49 2
195 2 50
196 50 2
197 3 1
198 1 3
199 3 2
200 2 3
201 3 4
202 4 3
203 3 5
204 5 3
205 3 6
206 6 3
207 3 7
208 7 3
209 3 8
210 8 3
211 3 9
212 9 3
213 3 10
214 10 3
215 3 11
216 11 3
217 3 12
218 12 3
219 3 13
220 13 3
221 3 14
222 14 3
223 3 15
224 15 3
225 3 16
226 16 3
227 3 17
228 17 3
229 3 18
230 18 3
231 3 19
232 19 3
233 3 20
234 20 3
235 3 21
236 21 3
237 3 22
238 22 3
239 3 23
240 23 3
241 3 24
242 24 3
243 3 25
244 25 3
245 3 26
246 26 3
247 3 27
248 27 3
249 3 28
250 28 3
251 3 29
252 29 3
253 3 30
254 30 3
255 3 31
256 31 3
257 3 32
258 32 3
259 3 33
260 33 3
261 3 34
262 34 3
263 3 35
264 35 3
265 3 36
266 36 3
267 3 37
268 37 3
269 3 38
270 38 3
271 3 39
272 39 3
273 3 40
274 40 3
275 3 41
276 41 3
277 3 42
278 42 3
279 3 43
280 43 3
281 3 44
282 44 3
283 3 45
284 45 3
285 3 46
286 46 3
287 3 47
288 47 3
289 3 48
290 48 3
291 3 49
292 49 3
293 3 50
294 50 3
295 4 1
296 1 4
297 4 2
298 2 4
299 4 3
300 3 4
301 4 5
302 5 4
303 4 6
304 6 4
305 4 7
306 7 4
307 4 8
308 8 4
309 4 9
310 9 4
311 4 10
312 10 4
313 4 11
314 11 4
315 4 12
316 12 4
317 4 13
318 13 4
319 4 14
320 14 4
321 4 15
322 15 4
323 4 16
324 16 4
325 4 17
326 17 4
327 4 18
328 18 4
329 4 19
330 19 4
331 4 20
332 20 4
333 4 21
334 21 4
335 4 22
336 22 4
337 4 23
338 23 4
339 4 24
340 24 4
341 4 25
342 25 4
343 4 26
344 26 4
345 4 27
346 27 4
347 4 28
348 28 4
349 4 29
350 29 4
351 4 30
352 30 4
353 4 31
354 31 4
355 4 32
356 32 4
357 4 33
358 33 4
359 4 34
360 34 4
361 4 35
362 35 4
363 4 36
364 36 4
365 4 37
366 37 4
367 4 38
368 38 4
369 4 39
370 39 4
371 4 40
372 40 4
373 4 41
374 41 4
375 4 42
376 42 4
377 4 43
378 43 4
379 4 44
380 44 4
381 4 45
382 45 4
383 4 46
384 46 4
385 4 47
386 47 4
387 4 48
388 48 4
389 4 49
390 49 4
391 4 50
392 50 4
393 5 1
394 1 5
395 5 2
396 2 5
397 5 3
398 3 5
399 5 4
400 4 5
401 5 6
402 6 5
403 5 7
404 7 5
405 5 8
406 8 5
407 5 9
408 9 5
409 5 10
410 10 5
411 5 11
412 11 5
413 5 12
414 12 5
415 5 13
416 13 5
417 5 14
418 14 5
419 5 15
420 15 5
421 5 16
422 16 5
423 5 17
424 17 5
425 5 18
426 18 5
427 5 19
428 19 5
429 5 20
430 20 5
431 5 21
432 21 5
433 5 22
434 22 5
435 5 23
436 23 5
437 5 24
438 24 5
439 5 25
440 25 5
441 5 26
442 26 5
443 5 27
444 27 5
445 5 28
446 28 5
447 5 29
448 29 5
449 5 30
450 30 5
451 5 31
452 31 5
453 5 32
454 32 5
455 5 33
456 33 5
457 5 34
458 34 5
459 5 35
460 35 5
461 5 36
462 36 5
463 5 37
464 37 5
465 5 38
466 38 5
467 5 39
468 39 5
469 5 40
470 40 5
471 5 41
472 41 5
473 5 42
474 42 5
475 5 43
476 43 5
477 5 44
478 44 5
479 5 45
480 45 5
481 5 46
482 46 5
483 5 47
484 47 5
485 5 48
486 48 5
487 5 49
488 49 5
489 5 50
490 50 5
491 6 1
492 1 6
493 6 2
494 2 6
495 6 3
496 3 6
497 6 4
498 4 6
499 6 5
500 5 6
501 6 7
502 7 6
503 6 8
504 8 6
505 6 9
506 9 6
507 6 10
508 10 6
509 6 11
510 11 6
511 6 12
512 12 6
513 6 13
514 13 6
515 6 14
516 14 6
517 6 15
518 15 6
519 6 16
520 16 6
521 6 17
522 17 6
523 6 18
524 18 6
525 6 19
526 19 6
527 6 20
528 20 6
529 6 21
530 21 6
531 6 22
532 22 6
533 6 23
534 23 6
535 6 24
536 24 6
537 6 25
538 25 6
539 6 26
540 26 6
541 6 27
542 27 6
543 6 28
544 28 6
545 6 29
546 29 6
547 6 30
548 30 6
549 6 31
550 31 6
551 6 32
552 32 6
553 6 33
554 33 6
555 6 34
556 34 6
557 6 35
558 35 6
559 6 36
560 36 6
561 6 37
562 37 6
563 6 38
564 38 6
565 6 39
566 39 6
567 6 40
568 40 6
569 6 41
570 41 6
571 6 42
572 42 6
573 6 43
574 43 6
575 6 44
576 44 6
577 6 45
578 45 6
579 6 46
580 46 6
581 6 47
582 47 6
583 6 48
584 48 6
585 6 49
586 49 6
587 6 50
588 50 6
589 7 1
590 1 7
591 7 2
592 2 7
593 7 3
594 3 7
595 7 4
596 4 7
597 7 5
598 5 7
599 7 6
600 6 7
601 7 8
602 8 7
603 7 9
604 9 7
605 7 10
606 10 7
607 7 11
608 11 7
609 7 12
610 12 7
611 7 13
612 13 7
613 7 14
614 14 7
615 7 15
616 15 7
617 7 16
618 16 7
619 7 17
620 17 7
621 7 18
622 18 7
623 7 19
624 19 7
625 7 20
626 20 7
627 7 21
628 21 7
629 7 22
630 22 7
631 7 23
632 23 7
633 7 24
634 24 7
635 7 25
636 25 7
637 7 26
638 26 7
639 7 27
640 27 7
641 7 28
642 28 7
643 7 29
644 29 7
645 7 30
646 30 7
647 7 31
648 31 7
649 7 32
650 32 7
651 7 33
652 33 7
653 7 34
654 34 7
655 7 35
656 35 7
657 7 36
658 36 7
659 7 37
660 37 7
661 7 38
662 38 7
663 7 39
664 39 7
665 7 40
666 40 7
667 7 41
668 41 7
669 7 42
670 42 7
671 7 43
672 43 7
673 7 44
674 44 7
675 7 45
676 45 7
677 7 46
678 46 7
679 7 47
680 47 7
681 7 48
682 48 7
683 7 49
684 49 7
685 7 50
686 50 7
687 8 1
688 1 8
689 8 2
690 2 8
691 8 3
692 3 8
693 8 4
694 4 8
695 8 5
696 5 8
697 8 6
698 6 8
699 8 7
700 7 8
701 8 9
702 9 8
703 8 10
704 10 8
705 8 11
706 11 8
707 8 12
708 12 8
709 8 13
710 13 8
711 8 14
712 14 8
713 8 15
714 15 8
715 8 16
716 16 8
717 8 17
718 17 8
719 8 18
720 18 8
721 8 19
722 19 8
723 8 20
724 20 8
725 8 21
726 21 8
727 8 22
728 22 8
729 8 23
730 23 8
731 8 24
732 24 8
733 8 25
734 25 8
735 8 26
736 26 8
737 8 27
738 27 8
739 8 28
740 28 8
741 8 29
742 29 8
743 8 30
744 30 8
745 8 31
746 31 8
747 8 32
748 32 8
749 8 33
750 33 8
751 8 34
752 34 8
753 8 35
754 35 8
755 8 36
756 36 8
757 8 37
758 37 8
759 8 38
760 38 8
761 8 39
762 39 8
763 8 40
764 40 8
765 8 41
766 41 8
767 8 42
768 42 8
769 8 43
770 43 8
771 8 44
772 44 8
773 8 45
774 45 8
775 8 46
776 46 8
777 8 47
778 47 8
779 8 48
780 48 8
781 8 49
782 49 8
783 8 50
784 50 8
785 9 1
786 1 9
787 9 2
788 2 9
789 9 3
790 3 9
791 9 4
792 4 9
793 9 5
794 5 9
795 9 6
796 6 9
797 9 7
798 7 9
799 9 8
800 8 9
801 9 10
802 10 9
803 9 11
804 11 9
805 9 12
806 12 9
807 9 13
808 13 9
809 9 14
810 14 9
811 9 15
812 15 9
813 9 16
814 16 9
815 9 17
816 17 9
817 9 18
818 18 9
819 9 19
820 19 9
821 9 20
822 20 9
823 9 21
824 21 9
825 9 22
826 22 9
827 9 23
828 23 9
829 9 24
830 24 9
831 9 25
832 25 9
833 9 26
834 26 9
835 9 27
836 27 9
837 9 28
838 28 9
839 9 29
840 29 9
841 9 30
842 30 9
843 9 31
844 31 9
845 9 32
846 32 9
847 9 33
848 33 9
849 9 34
850 34 9
851 9 35
852 35 9
853 9 36
854 36 9
855 9 37
856 37 9
857 9 38
858 38 9
859 9 39
860 39 9
861 9 40
862 40 9
863 9 41
864 41 9
865 9 42
866 42 9
867 9 43
868 43 9
869 9 44
870 44 9
871 9 45
872 45 9
873 9 46
874 46 9
875 9 47
876 47 9
877 9 48
878 48 9
879 9 49
880 49 9
881 9 50
882 50 9
883 10 1
884 1 10
885 10 2
886 2 10
887 10 3
888 3 10
889 10 4
890 4 10
891 10 5
892 5 10
893 10 6
894 6 10
895 10 7
896 7 10
897 10 8
898 8 10
899 10 9
900 9 10
901 10 11
902 11 10
903 10 12
904 12 10
905 10 13
906 13 10
907 10 14
908 14 10
909 10 15
910 15 10
911 10 16
912 16 10
913 10 17
914 17 10
915 10 18
916 18 10
917 10 19
918 19 10
919 10 20
920 20 10
921 10 21
922 21 10
923 10 22
924 22 10
925 10 23
926 23 10
927 10 24
928 24 10
929 10 25
930 25 10
931 10 26
932 26 10
933 10 27
934 27 10
935 10 28
936 28 10
937 10 29
938 29 10
939 10 30
940 30 10
941 10 31
942 31 10
943 10 32
944 32 10
945 10 33
946 33 10
947 10 34
948 34 10
949 10 35
950 35 10
951 10 36
952 36 10
953 10 37
954 37 10
955 10 38
956 38 10
957 10 39
958 39 10
959 10 40
960 40 10
961 10 41
962 41 10
963 10 42
964 42 10
965 10 43
966 43 10
967 10 44
968 44 10
969 10 45
970 45 10
971 10 46
972 46 10
973 10 47
974 47 10
975 10 48
976 48 10
977 10 49
978 49 10
979 10 50
980 50 10
981 11 1
982 1 11
983 11 2
984 2 11
985 11 3
986 3 11
987 11 4
988 4 11
989 11 5
990 5 11
991 11 6
992 6 11
993 11 7
994 7 11
995 11 8
996 8 11
997 11 9
998 9 11
999 11 10
1000 10 11
1001 11 12
1002 12 11
1003 11 13
1004 13 11
1005 11 14
1006 14 11
1007 11 15
1008 15 11
1009 11 16
1010 16 11
1011 11 17
1012 17 11
1013 11 18
1014 18 11
1015 11 19
1016 19 11
1017 11 20
1018 20 11
1019 11 21
1020 21 11
1021 11 22
1022 22 11
1023 11 23
1024 23 11
1025 11 24
1026 24 11
1027 11 25
1028 25 11
1029 11 26
1030 26 11
1031 11 27
1032 27 11
1033 11 28
1034 28 11
1035 11 29
1036 29 11
1037 11 30
1038 30 11
1039 11 31
1040 31 11
1041 11 32
1042 32 11
1043 11 33
1044 33 11
1045 11 34
1046 34 11
1047 11 35
1048 35 11
1049 11 36
1050 36 11
1051 11 37
1052 37 11
1053 11 38
1054 38 11
1055 11 39
1056 39 11
1057 11 40
1058 40 11
1059 11 41
1060 41 11
1061 11 42
1062 42 11
1063 11 43
1064 43 11
1065 11 44
1066 44 11
1067 11 45
1068 45 11
1069 11 46
1070 46 11
1071 11 47
1072 47 11
1073 11 48
1074 48 11
1075 11 49
1076 49 11
1077 11 50
1078 50 11
1079 12 1
1080 1 12
1081 12 2
1082 2 12
1083 12 3
1084 3 12
1085 12 4
1086 4 12
1087 12 5
1088 5 12
1089 12 6
1090 6 12
1091 12 7
1092 7 12
1093 12 8
1094 8 12
1095 12 9
1096 9 12
1097 12 10
1098 10 12
1099 12 11
1100 11 12
1101 12 13
1102 13 12
1103 12 14
1104 14 12
1105 12 15
1106 15 12
1107 12 16
1108 16 12
1109 12 17
1110 17 12
1111 12 18
1112 18 12
1113 12 19
1114 19 12
1115 12 20
1116 20 12
1117 12 21
1118 21 12
1119 12 22
1120 22 12
1121 12 23
1122 23 12
1123 12 24
1124 24 12
1125 12 25
1126 25 12
1127 12 26
1128 26 12
1129 12 27
1130 27 12
1131 12 28
1132 28 12
1133 12 29
1134 29 12
1135 12 30
1136 30 12
1137 12 31
1138 31 12
1139 12 32
1140 32 12
1141 12 33
1142 33 12
1143 12 34
1144 34 12
1145 12 35
1146 35 12
1147 12 36
1148 36 12
1149 12 37
1150 37 12
1151 12 38
1152 38 12
1153 12 39
1154 39 12
1155 12 40
1156 40 12
1157 12 41
1158 41 12
1159 12 42
1160 42 12
1161 12 43
1162 43 12
1163 12 44
1164 44 12
1165 12 45
1166 45 12
1167 12 46
1168 46 12
1169 12 47
1170 47 12
1171 12 48
1172 48 12
1173 12 49
1174 49 12
1175 12 50
1176 50 12
1177 13 1
1178 1 13
1179 13 2
1180 2 13
1181 13 3
1182 3 13
1183 13 4
1184 4 13
1185 13 5
1186 5 13
1187 13 6
1188 6 13
1189 13 7
1190 7 13
1191 13 8
1192 8 13
1193 13 9
1194 9 13
1195 13 10
1196 10 13
1197 13 11
1198 11 13
1199 13 12
1200 12 13
1201 13 14
1202 14 13
1203 13 15
1204 15 13
1205 13 16
1206 16 13
1207 13 17
1208 17 13
1209 13 18
1210 18 13
1211 13 19
1212 19 13
1213 13 20
1214 20 13
1215 13 21
1216 21 13
1217 13 22
1218 22 13
1219 13 23
1220 23 13
1221 13 24
1222 24 13
1223 13 25
1224 25 13
1225 13 26
1226 26 13
1227 13 27
1228 27 13
1229 13 28
1230 28 13
1231 13 29
1232 29 13
1233 13 30
1234 30 13
1235 13 31
1236 31 13
1237 13 32
1238 32 13
1239 13 33
1240 33 13
1241 13 34
1242 34 13
1243 13 35
1244 35 13
1245 13 36
1246 36 13
1247 13 37
1248 37 13
1249 13 38
1250 38 13
1251 13 39
1252 39 13
1253 13 40
1254 40 13
1255 13 41
1256 41 13
1257 13 42
1258 42 13
1259 13 43
1260 43 13
1261 13 44
1262 44 13
1263 13 45
1264 45 13
1265 13 46
1266 46 13
1267 13 47
1268 47 13
1269 13 48
1270 48 13
1271 13 49
1272 49 13
1273 13 50
1274 50 13
1275 14 1
1276 1 14
1277 14 2
1278 2 14
1279 14 3
1280 3 14
1281 14 4
1282 4 14
1283 14 5
1284 5 14
1285 14 6
1286 6 14
1287 14 7
1288 7 14
1289 14 8
1290 8 14
1291 14 9
1292 9 14
1293 14 10
1294 10 14
1295 14 11
1296 11 14
1297 14 12
1298 12 14
1299 14 13
1300 13 14
1301 14 15
1302 15 14
1303 14 16
1304 16 14
1305 14 17
1306 17 14
1307 14 18
1308 18 14
1309 14 19
1310 19 14
1311 14 20
1312 20 14
1313 14 21
1314 21 14
1315 14 22
1316 22 14
1317 14 23
1318 23 14
1319 14 24
1320 24 14
1321 14 25
1322 25 14
1323 14 26
1324 26 14
1325 14 27
1326 27 14
1327 14 28
1328 28 14
1329 14 29
1330 29 14
1331 14 30
1332 30 14
1333 14 31
1334 31 14
1335 14 32
1336 32 14
1337 14 33
1338 33 14
1339 14 34
1340 34 14
1341 14 35
1342 35 14
1343 14 36
1344 36 14
1345 14 37
1346 37 14
1347 14 38
1348 38 14
1349 14 39
1350 39 14
1351 14 40
1352 40 14
1353 14 41
1354 41 14
1355 14 42
1356 42 14
1357 14 43
1358 43 14
1359 14 44
1360 44 14
1361 14 45
1362 45 14
1363 14 46
1364 46 14
1365 14 47
1366 47 14
1367 14 48
1368 48 14
1369 14 49
1370 49 14
1371 14 50
1372 50 14
1373 15 1
1374 1 15
1375 15 2
1376 2 15
1377 15 3
1378 3 15
1379 15 4
1380 4 15
1381 15 5
1382 5 15
1383 15 6
1384 6 15
1385 15 7
1386 7 15
1387 15 8
1388 8 15
1389 15 9
1390 9 15
1391 15 10
1392 10 15
1393 15 11
1394 11 15
1395 15 12
1396 12 15
1397 15 13
1398 13 15
1399 15 14
1400 14 15
1401 15 16
1402 16 15
1403 15 17
1404 17 15
1405 15 18
1406 18 15
1407 15 19
1408 19 15
1409 15 20
1410 20 15
1411 15 21
1412 21 15
1413 15 22
1414 22 15
1415 15 23
1416 23 15
1417 15 24
1418 24 15
1419 15 25
1420 25 15
1421 15 26
1422 26 15
1423 15 27
1424 27 15
1425 15 28
1426 28 15
1427 15 29
1428 29 15
1429 15 30
1430 30 15
1431 15 31
1432 31 15
1433 15 32
1434 32 15
1435 15 33
1436 33 15
1437 15 34
1438 34 15
1439 15 35
1440 35 15
1441 15 36
1442 36 15
1443 15 37
1444 37 15
1445 15 38
1446 38 15
1447 15 39
1448 39 15
1449 15 40
1450 40 15
1451 15 41
1452 41 15
1453 15 42
1454 42 15
1455 15 43
1456 43 15
1457 15 44
1458 44 15
1459 15 45
1460 45 15
1461 15 46
1462 46 15
1463 15 47
1464 47 15
1465 15 48
1466 48 15
1467 15 49
1468 49 15
1469 15 50
1470 50 15
1471 16 1
1472 1 16
1473 16 2
1474 2 16
1475 16 3
1476 3 16
1477 16 4
1478 4 16
1479 16 5
1480 5 16
1481 16 6
1482 6 16
1483 16 7
1484 7 16
1485 16 8
1486 8 16
1487 16 9
1488 9 16
1489 16 10
1490 10 16
1491 16 11
1492 11 16
1493 16 12
1494 12 16
1495 16 13
1496 13 16
1497 16 14
1498 14 16
1499 16 15
1500 15 16
1501 16 17
1502 17 16
1503 16 18
1504 18 16
1505 16 19
1506 19 16
1507 16 20
1508 20 16
1509 16 21
1510 21 16
1511 16 22
1512 22 16
1513 16 23
1514 23 16
1515 16 24
1516 24 16
1517 16 25
1518 25 16
1519 16 26
1520 26 16
1521 16 27
1522 27 16
1523 16 28
1524 28 16
1525 16 29
1526 29 16
1527 16 30
1528 30 16
1529 16 31
1530 31 16
1531 16 32
1532 32 16
1533 16 33
1534 33 16
1535 16 34
1536 34 16
1537 16 35
1538 35 16
1539 16 36
1540 36 16
1541 16 37
1542 37 16
1543 16 38
1544 38 16
1545 16 39
1546 39 16
1547 16 40
1548 40 16
1549 16 41
1550 41 16
1551 16 42
1552 42 16
1553 16 43
1554 43 16
1555 16 44
1556 44 16
1557 16 45
1558 45 16
1559 16 46
1560 46 16
1561 16 47
1562 47 16
1563 16 48
1564 48 16
1565 16 49
1566 49 16
1567 16 50
1568 50 16
1569 17 1
1570 1 17
1571 17 2
1572 2 17
1573 17 3
1574 3 17
1575 17 4
1576 4 17
1577 17 5
1578 5 17
1579 17 6
1580 6 17
1581 17 7
1582 7 17
1583 17 8
1584 8 17
1585 17 9
1586 9 17
1587 17 10
1588 10 17
1589 17 11
1590 11 17
1591 17 12
1592 12 17
1593 17 13
1594 13 17
1595 17 14
1596 14 17
1597 17 15
1598 15 17
1599 17 16
1600 16 17
1601 17 18
1602 18 17
1603 17 19
1604 19 17
1605 17 20
1606 20 17
1607 17 21
1608 21 17
1609 17 22
1610 22 17
1611 17 23
1612 23 17
1613 17 24
1614 24 17
1615 17 25
1616 25 17
1617 17 26
1618 26 17
1619 17 27
1620 27 17
1621 17 28
1622 28 17
1623 17 29
1624 29 17
1625 17 30
1626 30 17
1627 17 31
1628 31 17
1629 17 32
1630 32 17
1631 17 33
1632 33 17
1633 17 34
1634 34 17
1635 17 35
1636 35 17
1637 17 36
1638 36 17
1639 17 37
1640 37 17
1641 17 38
1642 38 17
1643 17 39
1644 39 17
1645 17 40
1646 40 17
1647 17 41
1648 41 17
1649 17 42
1650 42 17
1651 17 43
1652 43 17
1653 17 44
1654 44 17
1655 17 45
1656 45 17
1657 17 46
1658 46 17
1659 17 47
1660 47 17
1661 17 48
1662 48 17
1663 17 49
1664 49 17
1665 17 50
1666 50 17
1667 18 1
1668 1 18
1669 18 2
1670 2 18
1671 18 3
1672 3 18
1673 18 4
1674 4 18
1675 18 5
1676 5 18
1677 18 6
1678 6 18
1679 18 7
1680 7 18
1681 18 8
1682 8 18
1683 18 9
1684 9 18
1685 18 10
1686 10 18
1687 18 11
1688 11 18
1689 18 12
1690 12 18
1691 18 13
1692 13 18
1693 18 14
1694 14 18
1695 18 15
1696 15 18
1697 18 16
1698 16 18
1699 18 17
1700 17 18
1701 18 19
1702 19 18
1703 18 20
1704 20 18
1705 18 21
1706 21 18
1707 18 22
1708 22 18
1709 18 23
1710 23 18
1711 18 24
1712 24 18
1713 18 25
1714 25 18
1715 18 26
1716 26 18
1717 18 27
1718 27 18
1719 18 28
1720 28 18
1721 18 29
1722 29 18
1723 18 30
1724 30 18
1725 18 31
1726 31 18
1727 18 32
1728 32 18
1729 18 33
1730 33 18
1731 18 34
1732 34 18
1733 18 35
1734 35 18
1735 18 36
1736 36 18
1737 18 37
1738 37 18
1739 18 38
1740 38 18
1741 18 39
1742 39 18
1743 18 40
1744 40 18
1745 18 41
1746 41 18
1747 18 42
1748 42 18
1749 18 43
1750 43 18
1751 18 44
1752 44 18
1753 18 45
1754 45 18
1755 18 46
1756 46 18
1757 18 47
1758 47 18
1759 18 48
1760 48 18
1761 18 49
1762 49 18
1763 18 50
1764 50 18
1765 19 1
1766 1 19
1767 19 2
1768 2 19
1769 19 3
1770 3 19
1771 19 4
1772 4 19
1773 19 5
1774 5 19
1775 19 6
1776 6 19
1777 19 7
1778 7 19
1779 19 8
1780 8 19
1781 19 9
1782 9 19
1783 19 10
1784 10 19
1785 19 11
1786 11 19
1787 19 12
1788 12 19
1789 19 13
1790 13 19
1791 19 14
1792 14 19
1793 19 15
1794 15 19
1795 19 16
1796 16 19
1797 19 17
1798 17 19
1799 19 18
1800 18 19
1801 19 20
1802 20 19
1803 19 21
1804 21 19
1805 19 22
1806 22 19
1807 19 23
1808 23 19
1809 19 24
1810 24 19
1811 19 25
1812 25 19
1813 19 26
1814 26 19
1815 19 27
1816 27 19
1817 19 28
1818 28 19
1819 19 29
1820 29 19
1821 19 30
1822 30 19
1823 19 31
1824 31 19
1825 19 32
1826 32 19
1827 19 33
1828 33 19
1829 19 34
1830 34 19
1831 19 35
1832 35 19
1833 19 36
1834 36 19
1835 19 37
1836 37 19
1837 19 38
1838 38 19
1839 19 39
1840 39 19
1841 19 40
1842 40 19
1843 19 41
1844 41 19
1845 19 42
1846 42 19
1847 19 43
1848 43 19
1849 19 44
1850 44 19
1851 19 45
1852 45 19
1853 19 46
1854 46 19
1855 19 47
1856 47 19
1857 19 48
1858 48 19
1859 19 49
1860 49 19
1861 19 50
1862 50 19
1863 20 1
1864 1 20
1865 20 2
1866 2 20
1867 20 3
1868 3 20
1869 20 4
1870 4 20
1871 20 5
1872 5 20
1873 20 6
1874 6 20
1875 20 7
1876 7 20
1877 20 8
1878 8 20
1879 20 9
1880 9 20
1881 20 10
1882 10 20
1883 20 11
1884 11 20
1885 20 12
1886 12 20
1887 20 13
1888 13 20
1889 20 14
1890 14 20
1891 20 15
1892 15 20
1893 20 16
1894 16 20
1895 20 17
1896 17 20
1897 20 18
1898 18 20
1899 20 19
1900 19 20
1901 20 21
1902 21 20
1903 20 22
1904 22 20
1905 20 23
1906 23 20
1907 20 24
1908 24 20
1909 20 25
1910 25 20
1911 20 26
1912 26 20
1913 20 27
1914 27 20
1915 20 28
1916 28 20
1917 20 29
1918 29 20
1919 20 30
1920 30 20
1921 20 31
1922 31 20
1923 20 32
1924 32 20
1925 20 33
1926 33 20
1927 20 34
1928 34 20
1929 20 35
1930 35 20
1931 20 36
1932 36 20
1933 20 37
1934 37 20
1935 20 38
1936 38 20
1937 20 39
1938 39 20
1939 20 40
1940 40 20
1941 20 41
1942 41 20
1943 20 42
1944 42 20
1945 20 43
1946 43 20
1947 20 44
1948 44 20
1949 20 45
1950 45 20
1951 20 46
1952 46 20
1953 20 47
1954 47 20
1955 20 48
1956 48 20
1957 20 49
1958 49 20
1959 20 50
1960 50 20
1961 21 1
1962 1 21
1963 21 2
1964 2 21
1965 21 3
1966 3 21
1967 21 4
1968 4 21
1969 21 5
1970 5 21
1971 21 6
1972 6 21
1973 21 7
1974 7 21
1975 21 8
1976 8 21
1977 21 9
1978 9 21
1979 21 10
1980 10 21
1981 21 11
1982 11 21
1983 21 12
1984 12 21
1985 21 13
1986 13 21
1987 21 14
1988 14 21
1989 21 15
1990 15 21
1991 21 16
1992 16 21
1993 21 17
1994 17 21
1995 21 18
1996 18 21
1997 21 19
1998 19 21
1999 21 20
2000 20 21
2001 21 22
2002 22 21
2003 21 23
2004 23 21
2005 21 24
2006 24 21
2007 21 25
2008 25 21
2009 21 26
2010 26 21
2011 21 27
2012 27 21
2013 21 28
2014 28 21
2015 21 29
2016 29 21
2017 21 30
2018 30 21
2019 21 31
2020 31 21
2021 21 32
2022 32 21
2023 21 33
2024 33 21
2025 21 34
2026 34 21
2027 21 35
2028 35 21
2029 21 36
2030 36 21
2031 21 37
2032 37 21
2033 21 38
2034 38 21
2035 21 39
2036 39 21
2037 21 40
2038 40 21
2039 21 41
2040 41 21
2041 21 42
2042 42 21
2043 21 43
2044 43 21
2045 21 44
2046 44 21
2047 21 45
2048 45 21
2049 21 46
2050 46 21
2051 21 47
2052 47 21
2053 21 48
2054 48 21
2055 21 49
2056 49 21
2057 21 50
2058 50 21
2059 22 1
2060 1 22
2061 22 2
2062 2 22
2063 22 3
2064 3 22
2065 22 4
2066 4 22
2067 22 5
2068 5 22
2069 22 6
2070 6 22
2071 22 7
2072 7 22
2073 22 8
2074 8 22
2075 22 9
2076 9 22
2077 22 10
2078 10 22
2079 22 11
2080 11 22
2081 22 12
2082 12 22
2083 22 13
2084 13 22
2085 22 14
2086 14 22
2087 22 15
2088 15 22
2089 22 16
2090 16 22
2091 22 17
2092 17 22
2093 22 18
2094 18 22
2095 22 19
2096 19 22
2097 22 20
2098 20 22
2099 22 21
2100 21 22
2101 22 23
2102 23 22
2103 22 24
2104 24 22
2105 22 25
2106 25 22
2107 22 26
2108 26 22
2109 22 27
2110 27 22
2111 22 28
2112 28 22
2113 22 29
2114 29 22
2115 22 30
2116 30 22
2117 22 31
2118 31 22
2119 22 32
2120 32 22
2121 22 33
2122 33 22
2123 22 34
2124 34 22
2125 22 35
2126 35 22
2127 22 36
2128 36 22
2129 22 37
2130 37 22
2131 22 38
2132 38 22
2133 22 39
2134 39 22
2135 22 40
2136 40 22
2137 22 41
2138 41 22
2139 22 42
2140 42 22
2141 22 43
2142 43 22
2143 22 44
2144 44 22
2145 22 45
2146 45 22
2147 22 46
2148 46 22
2149 22 47
2150 47 22
2151 22 48
2152 48 22
2153 22 49
2154 49 22
2155 22 50
2156 50 22
2157 23 1
2158 1 23
2159 23 2
2160 2 23
2161 23 3
2162 3 23
2163 23 4
2164 4 23
2165 23 5
2166 5 23
2167 23 6
2168 6 23
2169 23 7
2170 7 23
2171 23 8
2172 8 23
2173 23 9
2174 9 23
2175 23 10
2176 10 23
2177 23 11
2178 11 23
2179 23 12
2180 12 23
2181 23 13
2182 13 23
2183 23 14
2184 14 23
2185 23 15
2186 15 23
2187 23 16
2188 16 23
2189 23 17
2190 17 23
2191 23 18
2192 18 23
2193 23 19
2194 19 23
2195 23 20
2196 20 23
2197 23 21
2198 21 23
2199 23 22
2200 22 23
2201 23 24
2202 24 23
2203 23 25
2204 25 23
2205 23 26
2206 26 23
2207 23 27
2208 27 23
2209 23 28
2210 28 23
2211 23 29
2212 29 23
2213 23 30
2214 30 23
2215 23 31
2216 31 23
2217 23 32
2218 32 23
2219 23 33
2220 33 23
2221 23 34
2222 34 23
2223 23 35
2224 35 23
2225 23 36
2226 36 23
2227 23 37
2228 37 23
2229 23 38
2230 38 23
2231 23 39
2232 39 23
2233 23 40
2234 40 23
2235 23 41
2236 41 23
2237 23 42
2238 42 23
2239 23 43
2240 43 23
2241 23 44
2242 44 23
2243 23 45
2244 45 23
2245 23 46
2246 46 23
2247 23 47
2248 47 23
2249 23 48
2250 48 23
2251 23 49
2252 49 23
2253 23 50
2254 50 23
2255 24 1
2256 1 24
2257 24 2
2258 2 24
2259 24 3
2260 3 24
2261 24 4
2262 4 24
2263 24 5
2264 5 24
2265 24 6
2266 6 24
2267 24 7
2268 7 24
2269 24 8
2270 8 24
2271 24 9
2272 9 24
2273 24 10
2274 10 24
2275 24 11
2276 11 24
2277 24 12
2278 12 24
2279 24 13
2280 13 24
2281 24 14
2282 14 24
2283 24 15
2284 15 24
2285 24 16
2286 16 24
2287 24 17
2288 17 24
2289 24 18
2290 18 24
2291 24 19
2292 19 24
2293 24 20
2294 20 24
2295 24 21
2296 21 24
2297 24 22
2298 22 24
2299 24 23
2300 23 24
2301 24 25
2302 25 24
2303 24 26
2304 26 24
2305 24 27
2306 27 24
2307 24 28
2308 28 24
2309 24 29
2310 29 24
2311 24 30
2312 30 24
2313 24 31
2314 31 24
2315 24 32
2316 32 24
2317 24 33
2318 33 24
2319 24 34
2320 34 24
2321 24 35
2322 35 24
2323 24 36
2324 36 24
2325 24 37
2326 37 24
2327 24 38
2328 38 24
2329 24 39
2330 39 24
2331 24 40
2332 40 24
2333 24 41
2334 41 24
2335 24 42
2336 42 24
2337 24 43
2338 43 24
2339 24 44
2340 44 24
2341 24 45
2342 45 24
2343 24 46
2344 46 24
2345 24 47
2346 47 24
2347 24 48
2348 48 24
2349 24 49
2350 49 24
2351 24 50
2352 50 24
2353 25 1
2354 1 25
2355 25 2
2356 2 25
2357 25 3
2358 3 25
2359 25 4
2360 4 25
2361 25 5
2362 5 25
2363 25 6
2364 6 25
2365 25 7
2366 7 25
2367 25 8
2368 8 25
2369 25 9
2370 9 25
2371 25 10
2372 10 25
2373 25 11
2374 11 25
2375 25 12
2376 12 25
2377 25 13
2378 13 25
2379 25 14
2380 14 25
2381 25 15
2382 15 25
2383 25 16
2384 16 25
2385 25 17
2386 17 25
2387 25 18
2388 18 25
2389 25 19
2390 19 25
2391 25 20
2392 20 25
2393 25 21
2394 21 25
2395 25 22
2396 22 25
2397 25 23
2398 23 25
2399 25 24
2400 24 25
2401 25 26
2402 26 25
2403 25 27
2404 27 25
2405 25 28
2406 28 25
2407 25 29
2408 29 25
2409 25 30
2410 30 25
2411 25 31
2412 31 25
2413 25 32
2414 32 25
2415 25 33
2416 33 25
2417 25 34
2418 34 25
2419 25 35
2420 35 25
2421 25 36
2422 36 25
2423 25 37
2424 37 25
2425 25 38
2426 38 25
2427 25 39
2428 39 25
2429 25 40
2430 40 25
2431 25 41
2432 41 25
2433 25 42
2434 42 25
2435 25 43
2436 43 25
2437 25 44
2438 44 25
2439 25 45
2440 45 25
2441 25 46
2442 46 25
2443 25 47
2444 47 25
2445 25 48
2446 48 25
2447 25 49
2448 49 25
2449 25 50
2450 50 25
2451 26 1
2452 1 26
2453 26 2
2454 2 26
2455 26 3
2456 3 26
2457 26 4
2458 4 26
2459 26 5
2460 5 26
2461 26 6
2462 6 26
2463 26 7
2464 7 26
2465 26 8
2466 8 26
2467 26 9
2468 9 26
2469 26 10
2470 10 26
2471 26 11
2472 11 26
2473 26 12
2474 12 26
2475 26 13
2476 13 26
2477 26 14
2478 14 26
2479 26 15
2480 15 26
2481 26 16
2482 16 26
2483 26 17
2484 17 26
2485 26 18
2486 18 26
2487 26 19
2488 19 26
2489 26 20
2490 20 26
2491 26 21
2492 21 26
2493 26 22
2494 22 26
2495 26 23
2496 23 26
2497 26 24
2498 24 26
2499 26 25
2500 25 26
2501 26 27
2502 27 26
2503 26 28
2504 28 26
2505 26 29
2506 29 26
2507 26 30
2508 30 26
2509 26 31
2510 31 26
2511 26 32
2512 32 26
2513 26 33
2514 33 26
2515 26 34
2516 34 26
2517 26 35
2518 35 26
2519 26 36
2520 36 26
2521 26 37
2522 37 26
2523 26 38
2524 38 26
2525 26 39
2526 39 26
2527 26 40
2528 40 26
2529 26 41
2530 41 26
2531 26 42
2532 42 26
2533 26 43
2534 43 26
2535 26 44
2536 44 26
2537 26 45
2538 45 26
2539 26 46
2540 46 26
2541 26 47
2542 47 26
2543 26 48
2544 48 26
2545 26 49
2546 49 26
2547 26 50
2548 50 26
2549 27 1
2550 1 27
2551 27 2
2552 2 27
2553 27 3
2554 3 27
2555 27 4
2556 4 27
2557 27 5
2558 5 27
2559 27 6
2560 6 27
2561 27 7
2562 7 27
2563 27 8
2564 8 27
2565 27 9
2566 9 27
2567 27 10
2568 10 27
2569 27 11
2570 11 27
2571 27 12
2572 12 27
2573 27 13
2574 13 27
2575 27 14
2576 14 27
2577 27 15
2578 15 27
2579 27 16
2580 16 27
2581 27 17
2582 17 27
2583 27 18
2584 18 27
2585 27 19
2586 19 27
2587 27 20
2588 20 27
2589 27 21
2590 21 27
2591 27 22
2592 22 27
2593 27 23
2594 23 27
2595 27 24
2596 24 27
2597 27 25
2598 25 27
2599 27 26
2600 26 27
2601 27 28
2602 28 27
2603 27 29
2604 29 27
2605 27 30
2606 30 27
2607 27 31
2608 31 27
2609 27 32
2610 32 27
2611 27 33
2612 33 27
2613 27 34
2614 34 27
2615 27 35
2616 35 27
2617 27 36
2618 36 27
2619 27 37
2620 37 27
2621 27 38
2622 38 27
2623 27 39
2624 39 27
2625 27 40
2626 40 27
2627 27 41
2628 41 27
2629 27 42
2630 42 27
2631 27 43
2632 43 27
2633 27 44
2634 44 27
2635 27 45
2636 45 27
2637 27 46
2638 46 27
2639 27 47
2640 47 27
2641 27 48
2642 48 27
2643 27 49
2644 49 27
2645 27 50
2646 50 27
2647 28 1
2648 1 28
2649 28 2
2650 2 28
2651 28 3
2652 3 28
2653 28 4
2654 4 28
2655 28 5
2656 5 28
2657 28 6
2658 6 28
2659 28 7
2660 7 28
2661 28 8
2662 8 28
2663 28 9
2664 9 28
2665 28 10
2666 10 28
2667 28 11
2668 11 28
2669 28 12
2670 12 28
2671 28 13
2672 13 28
2673 28 14
2674 14 28
2675 28 15
2676 15 28
2677 28 16
2678 16 28
2679 28 17
2680 17 28
2681 28 18
2682 18 28
2683 28 19
2684 19 28
2685 28 20
2686 20 28
2687 28 21
2688 21 28
2689 28 22
2690 22 28
2691 28 23
2692 23 28
2693 28 24
2694 24 28
2695 28 25
2696 25 28
2697 28 26
2698 26 28
2699 28 27
2700 27 28
2701 28 29
2702 29 28
2703 28 30
2704 30 28
2705 28 31
2706 31 28
2707 28 32
2708 32 28
2709 28 33
2710 33 28
2711 28 34
2712 34 28
2713 28 35
2714 35 28
2715 28 36
2716 36 28
2717 28 37
2718 37 28
2719 28 38
2720 38 28
2721 28 39
2722 39 28
2723 28 40
2724 40 28
2725 28 41
2726 41 28
2727 28 42
2728 42 28
2729 28 43
2730 43 28
2731 28 44
2732 44 28
2733 28 45
2734 45 28
2735 28 46
2736 46 28
2737 28 47
2738 47 28
2739 28 48
2740 48 28
2741 28 49
2742 49 28
2743 28 50
2744 50 28
2745 29 1
2746 1 29
2747 29 2
2748 2 29
2749 29 3
2750 3 29
2751 29 4
2752 4 29
2753 29 5
2754 5 29
2755 29 6
2756 6 29
2757 29 7
2758 7 29
2759 29 8
2760 8 29
2761 29 9
2762 9 29
2763 29 10
2764 10 29
2765 29 11
2766 11 29
2767 29 12
2768 12 29
2769 29 13
2770 13 29
2771 29 14
2772 14 29
2773 29 15
2774 15 29
2775 29 16
2776 16 29
2777 29 17
2778 17 29
2779 29 18
2780 18 29
2781 29 19
2782 19 29
2783 29 20
2784 20 29
2785 29 21
2786 21 29
2787 29 22
2788 22 29
2789 29 23
2790 23 29
2791 29 24
2792 24 29
2793 29 25
2794 25 29
2795 29 26
2796 26 29
2797 29 27
2798 27 29
2799 29 28
2800 28 29
2801 29 30
2802 30 29
2803 29 31
2804 31 29
2805 29 32
2806 32 29
2807 29 33
2808 33 29
2809 29 34
2810 34 29
2811 29 35
2812 35 29
2813 29 36
2814 36 29
2815 29 37
2816 37 29
2817 29 38
2818 38 29
2819 29 39
2820 39 29
2821 29 40
2822 40 29
2823 29 41
2824 41 29
2825 29 42
2826 42 29
2827 29 43
2828 43 29
2829 29 44
2830 44 29
2831 29 45
2832 45 29
2833 29 46
2834 46 29
2835 29 47
2836 47 29
2837 29 48
2838 48 29
2839 29 49
2840 49 29
2841 29 50
2842 50 29
2843 30 1
2844 1 30
2845 30 2
2846 2 30
2847 30 3
2848 3 30
2849 30 4
2850 4 30
2851 30 5
2852 5 30
2853 30 6
2854 6 30
2855 30 7
2856 7 30
2857 30 8
2858 8 30
2859 30 9
2860 9 30
2861 30 10
2862 10 30
2863 30 11
2864 11 30
2865 30 12
2866 12 30
2867 30 13
2868 13 30
2869 30 14
2870 14 30
2871 30 15
2872 15 30
2873 30 16
2874 16 30
2875 30 17
2876 17 30
2877 30 18
2878 18 30
2879 30 19
2880 19 30
2881 30 20
2882 20 30
2883 30 21
2884 21 30
2885 30 22
2886 22 30
2887 30 23
2888 23 30
2889 30 24
2890 24 30
2891 30 25
2892 25 30
2893 30 26
2894 26 30
2895 30 27
2896 27 30
2897 30 28
2898 28 30
2899 30 29
2900 29 30
2901 30 31
2902 31 30
2903 30 32
2904 32 30
2905 30 33
2906 33 30
2907 30 34
2908 34 30
2909 30 35
2910 35 30
2911 30 36
2912 36 30
2913 30 37
2914 37 30
2915 30 38
2916 38 30
2917 30 39
2918 39 30
2919 30 40
2920 40 30
2921 30 41
2922 41 30
2923 30 42
2924 42 30
2925 30 43
2926 43 30
2927 30 44
2928 44 30
2929 30 45
2930 45 30
2931 30 46
2932 46 30
2933 30 47
2934 47 30
2935 30 48
2936 48 30
2937 30 49
2938 49 30
2939 30 50
2940 50 30
2941 31 1
2942 1 31
2943 31 2
2944 2 31
2945 31 3
2946 3 31
2947 31 4
2948 4 31
2949 31 5
2950 5 31
2951 31 6
2952 6 31
2953 31 7
2954 7 31
2955 31 8
2956 8 31
2957 31 9
2958 9 31
2959 31 10
2960 10 31
2961 31 11
2962 11 31
2963 31 12
2964 12 31
2965 31 13
2966 13 31
2967 31 14
2968 14 31
2969 31 15
2970 15 31
2971 31 16
2972 16 31
2973 31 17
2974 17 31
2975 31 18
2976 18 31
2977 31 19
2978 19 31
2979 31 20
2980 20 31
2981 31 21
2982 21 31
2983 31 22
2984 22 31
2985 31 23
2986 23 31
2987 31 24
2988 24 31
2989 31 25
2990 25 31
2991 31 26
2992 26 31
2993 31 27
2994 27 31
2995 31 28
2996 28 31
2997 31 29
2998 29 31
2999 31 30
3000 30 31
3001 31 32
3002 32 31
3003 31 33
3004 33 31
3005 31 34
3006 34 31
3007 31 35
3008 35 31
3009 31 36
3010 36 31
3011 31 37
3012 37 31
3013 31 38
3014 38 31
3015 31 39
3016 39 31
3017 31 40
3018 40 31
3019 31 41
3020 41 31
3021 31 42
3022 42 31
3023 31 43
3024 43 31
3025 31 44
3026 44 31
3027 31 45
3028 45 31
3029 31 46
3030 46 31
3031 31 47
3032 47 31
3033 31 48
3034 48 31
3035 31 49
3036 49 31
3037 31 50
3038 50 31
3039 32 1
3040 1 32
3041 32 2
3042 2 32
3043 32 3
3044 3 32
3045 32 4
3046 4 32
3047 32 5
3048 5 32
3049 32 6
3050 6 32
3051 32 7
3052 7 32
3053 32 8
3054 8 32
3055 32 9
3056 9 32
3057 32 10
3058 10 32
3059 32 11
3060 11 32
3061 32 12
3062 12 32
3063 32 13
3064 13 32
3065 32 14
3066 14 32
3067 32 15
3068 15 32
3069 32 16
3070 16 32
3071 32 17
3072 17 32
3073 32 18
3074 18 32
3075 32 19
3076 19 32
3077 32 20
3078 20 32
3079 32 21
3080 21 32
3081 32 22
3082 22 32
3083 32 23
3084 23 32
3085 32 24
3086 24 32
3087 32 25
3088 25 32
3089 32 26
3090 26 32
3091 32 27
3092 27 32
3093 32 28
3094 28 32
3095 32 29
3096 29 32
3097 32 30
3098 30 32
3099 32 31
3100 31 32
3101 32 33
3102 33 32
3103 32 34
3104 34 32
3105 32 35
3106 35 32
3107 32 36
3108 36 32
3109 32 37
3110 37 32
3111 32 38
3112 38 32
3113 32 39
3114 39 32
3115 32 40
3116 40 32
3117 32 41
3118 41 32
3119 32 42
3120 42 32
3121 32 43
3122 43 32
3123 32 44
3124 44 32
3125 32 45
3126 45 32
3127 32 46
3128 46 32
3129 32 47
3130 47 32
3131 32 48
3132 48 32
3133 32 49
3134 49 32
3135 32 50
3136 50 32
3137 33 1
3138 1 33
3139 33 2
3140 2 33
3141 33 3
3142 3 33
3143 33 4
3144 4 33
3145 33 5
3146 5 33
3147 33 6
3148 6 33
3149 33 7
3150 7 33
3151 33 8
3152 8 33
3153 33 9
3154 9 33
3155 33 10
3156 10 33
3157 33 11
3158 11 33
3159 33 12
3160 12 33
3161 33 13
3162 13 33
3163 33 14
3164 14 33
3165 33 15
3166 15 33
3167 33 16
3168 16 33
3169 33 17
3170 17 33
3171 33 18
3172 18 33
3173 33 19
3174 19 33
3175 33 20
3176 20 33
3177 33 21
3178 21 33
3179 33 22
3180 22 33
3181 33 23
3182 23 33
3183 33 24
3184 24 33
3185 33 25
3186 25 33
3187 33 26
3188 26 33
3189 33 27
3190 27 33
3191 33 28
3192 28 33
3193 33 29
3194 29 33
3195 33 30
3196 30 33
3197 33 31
3198 31 33
3199 33 32
3200 32 33
3201 33 34
3202 34 33
3203 33 35
3204 35 33
3205 33 36
3206 36 33
3207 33 37
3208 37 33
3209 33 38
3210 38 33
3211 33 39
3212 39 33
3213 33 40
3214 40 33
3215 33 41
3216 41 33
3217 33 42
3218 42 33
3219 33 43
3220 43 33
3221 33 44
3222 44 33
3223 33 45
3224 45 33
3225 33 46
3226 46 33
3227 33 47
3228 47 33
3229 33 48
3230 48 33
3231 33 49
3232 49 33
3233 33 50
3234 50 33
3235 34 1
3236 1 34
3237 34 2
3238 2 34
3239 34 3
3240 3 34
3241 34 4
3242 4 34
3243 34 5
3244 5 34
3245 34 6
3246 6 34
3247 34 7
3248 7 34
3249 34 8
3250 8 34
3251 34 9
3252 9 34
3253 34 10
3254 10 34
3255 34 11
3256 11 34
3257 34 12
3258 12 34
3259 34 13
3260 13 34
3261 34 14
3262 14 34
3263 34 15
3264 15 34
3265 34 16
3266 16 34
3267 34 17
3268 17 34
3269 34 18
3270 18 34
3271 34 19
3272 19 34
3273 34 20
3274 20 34
3275 34 21
3276 21 34
3277 34 22
3278 22 34
3279 34 23
3280 23 34
3281 34 24
3282 24 34
3283 34 25
3284 25 34
3285 34 26
3286 26 34
3287 34 27
3288 27 34
3289 34 28
3290 28 34
3291 34 29
3292 29 34
3293 34 30
3294 30 34
3295 34 31
3296 31 34
3297 34 32
3298 32 34
3299 34 33
3300 33 34
3301 34 35
3302 35 34
3303 34 36
3304 36 34
3305 34 37
3306 37 34
3307 34 38
3308 38 34
3309 34 39
3310 39 34
3311 34 40
3312 40 34
3313 34 41
3314 41 34
3315 34 42
3316 42 34
3317 34 43
3318 43 34
3319 34 44
3320 44 34
3321 34 45
3322 45 34
3323 34 46
3324 46 34
3325 34 47
3326 47 34
3327 34 48
3328 48 34
3329 34 49
3330 49 34
3331 34 50
3332 50 34
3333 35 1
3334 1 35
3335 35 2
3336 2 35
3337 35 3
3338 3 35
3339 35 4
3340 4 35
3341 35 5
3342 5 35
3343 35 6
3344 6 35
3345 35 7
3346 7 35
3347 35 8
3348 8 35
3349 35 9
3350 9 35
3351 35 10
3352 10 35
3353 35 11
3354 11 35
3355 35 12
3356 12 35
3357 35 13
3358 13 35
3359 35 14
3360 14 35
3361 35 15
3362 15 35
3363 35 16
3364 16 35
3365 35 17
3366 17 35
3367 35 18
3368 18 35
3369 35 19
3370 19 35
3371 35 20
3372 20 35
3373 35 21
3374 21 35
3375 35 22
3376 22 35
3377 35 23
3378 23 35
3379 35 24
3380 24 35
3381 35 25
3382 25 35
3383 35 26
3384 26 35
3385 35 27
3386 27 35
3387 35 28
3388 28 35
3389 35 29
3390 29 35
3391 35 30
3392 30 35
3393 35 31
3394 31 35
3395 35 32
3396 32 35
3397 35 33
3398 33 35
3399 35 34
3400 34 35
3401 35 36
3402 36 35
3403 35 37
3404 37 35
3405 35 38
3406 38 35
3407 35 39
3408 39 35
3409 35 40
3410 40 35
3411 35 41
3412 41 35
3413 35 42
3414 42 35
3415 35 43
3416 43 35
3417 35 44
3418 44 35
3419 35 45
3420 45 35
3421 35 46
3422 46 35
3423 35 47
3424 47 35
3425 35 48
3426 48 35
3427 35 49
3428 49 35
3429 35 50
3430 50 35
3431 36 1
3432 1 36
3433 36 2
3434 2 36
3435 36 3
3436 3 36
3437 36 4
3438 4 36
3439 36 5
3440 5 36
3441 36 6
3442 6 36
3443 36 7
3444 7 36
3445 36 8
3446 8 36
3447 36 9
3448 9 36
3449 36 10
3450 10 36
3451 36 11
3452 11 36
3453 36 12
3454 12 36
3455 36 13
3456 13 36
3457 36 14
3458 14 36
3459 36 15
3460 15 36
3461 36 16
3462 16 36
3463 36 17
3464 17 36
3465 36 18
3466 18 36
3467 36 19
3468 19 36
3469 36 20
3470 20 36
3471 36 21
3472 21 36
3473 36 22
3474 22 36
3475 36 23
3476 23 36
3477 36 24
3478 24 36
3479 36 25
3480 25 36
3481 36 26
3482 26 36
3483 36 27
3484 27 36
3485 36 28
3486 28 36
3487 36 29
3488 29 36
3489 36 30
3490 30 36
3491 36 31
3492 31 36
3493 36 32
3494 32 36
3495 36 33
3496 33 36
3497 36 34
3498 34 36
3499 36 35
3500 35 36
3501 36 37
3502 37 36
3503 36 38
3504 38 36
3505 36 39
3506 39 36
3507 36 40
3508 40 36
3509 36 41
3510 41 36
3511 36 42
3512 42 36
3513 36 43
3514 43 36
3515 36 44
3516 44 36
3517 36 45
3518 45 36
3519 36 46
3520 46 36
3521 36 47
3522 47 36
3523 36 48
3524 48 36
3525 36 49
3526 49 36
3527 36 50
3528 50 36
3529 37 1
3530 1 37
3531 37 2
3532 2 37
3533 37 3
3534 3 37
3535 37 4
3536 4 37
3537 37 5
3538 5 37
3539 37 6
3540 6 37
3541 37 7
3542 7 37
3543 37 8
3544 8 37
3545 37 9
3546 9 37
3547 37 10
3548 10 37
3549 37 11
3550 11 37
3551 37 12
3552 12 37
3553 37 13
3554 13 37
3555 37 14
3556 14 37
3557 37 15
3558 15 37
3559 37 16
3560 16 37
3561 37 17
3562 17 37
3563 37 18
3564 18 37
3565 37 19
3566 19 37
3567 37 20
3568 20 37
3569 37 21
3570 21 37
3571 37 22
3572 22 37
3573 37 23
3574 23 37
3575 37 24
3576 24 37
3577 37 25
3578 25 37
3579 37 26
3580 26 37
3581 37 27
3582 27 37
3583 37 28
3584 28 37
3585 37 29
3586 29 37
3587 37 30
3588 30 37
3589 37 31
3590 31 37
3591 37 32
3592 32 37
3593 37 33
3594 33 37
3595 37 34
3596 34 37
3597 37 35
3598 35 37
3599 37 36
3600 36 37
3601 37 38
3602 38 37
3603 37 39
3604 39 37
3605 37 40
3606 40 37
3607 37 41
3608 41 37
3609 37 42
3610 42 37
3611 37 43
3612 43 37
3613 37 44
3614 44 37
3615 37 45
3616 45 37
3617 37 46
3618 46 37
3619 37 47
3620 47 37
3621 37 48
3622 48 37
3623 37 49
3624 49 37
3625 37 50
3626 50 37
3627 38 1
3628 1 38
3629 38 2
3630 2 38
3631 38 3
3632 3 38
3633 38 4
3634 4 38
3635 38 5
3636 5 38
3637 38 6
3638 6 38
3639 38 7
3640 7 38
3641 38 8
3642 8 38
3643 38 9
3644 9 38
3645 38 10
3646 10 38
3647 38 11
3648 11 38
3649 38 12
3650 12 38
3651 38 13
3652 13 38
3653 38 14
3654 14 38
3655 38 15
3656 15 38
3657 38 16
3658 16 38
3659 38 17
3660 17 38
3661 38 18
3662 18 38
3663 38 19
3664 19 38
3665 38 20
3666 20 38
3667 38 21
3668 21 38
3669 38 22
3670 22 38
3671 38 23
3672 23 38
3673 38 24
3674 24 38
3675 38 25
3676 25 38
3677 38 26
3678 26 38
3679 38 27
3680 27 38
3681 38 28
3682 28 38
3683 38 29
3684 29 38
3685 38 30
3686 30 38
3687 38 31
3688 31 38
3689 38 32
3690 32 38
3691 38 33
3692 33 38
3693 38 34
3694 34 38
3695 38 35
3696 35 38
3697 38 36
3698 36 38
3699 38 37
3700 37 38
3701 38 39
3702 39 38
3703 38 40
3704 40 38
3705 38 41
3706 41 38
3707 38 42
3708 42 38
3709 38 43
3710 43 38
3711 38 44
3712 44 38
3713 38 45
3714 45 38
3715 38 46
3716 46 38
3717 38 47
3718 47 38
3719 38 48
3720 48 38
3721 38 49
3722 49 38
3723 38 50
3724 50 38
3725 39 1
3726 1 39
3727 39 2
3728 2 39
3729 39 3
3730 3 39
3731 39 4
3732 4 39
3733 39 5
3734 5 39
3735 39 6
3736 6 39
3737 39 7
3738 7 39
3739 39 8
3740 8 39
3741 39 9
3742 9 39
3743 39 10
3744 10 39
3745 39 11
3746 11 39
3747 39 12
3748 12 39
3749 39 13
3750 13 39
3751 39 14
3752 14 39
3753 39 15
3754 15 39
3755 39 16
3756 16 39
3757 39 17
3758 17 39
3759 39 18
3760 18 39
3761 39 19
3762 19 39
3763 39 20
3764 20 39
3765 39 21
3766 21 39
3767 39 22
3768 22 39
3769 39 23
3770 23 39
3771 39 24
3772 24 39
3773 39 25
3774 25 39
3775 39 26
3776 26 39
3777 39 27
3778 27 39
3779 39 28
3780 28 39
3781 39 29
3782 29 39
3783 39 30
3784 30 39
3785 39 31
3786 31 39
3787 39 32
3788 32 39
3789 39 33
3790 33 39
3791 39 34
3792 34 39
3793 39 35
3794 35 39
3795 39 36
3796 36 39
3797 39 37
3798 37 39
3799 39 38
3800 38 39
3801 39 40
3802 40 39
3803 39 41
3804 41 39
3805 39 42
3806 42 39
3807 39 43
3808 43 39
3809 39 44
3810 44 39
3811 39 45
3812 45 39
3813 39 46
3814 46 39
3815 39 47
3816 47 39
3817 39 48
3818 48 39
3819 39 49
3820 49 39
3821 39 50
3822 50 39
3823 40 1
3824 1 40
3825 40 2
3826 2 40
3827 40 3
3828 3 40
3829 40 4
3830 4 40
3831 40 5
3832 5 40
3833 40 6
3834 6 40
3835 40 7
3836 7 40
3837 40 8
3838 8 40
3839 40 9
3840 9 40
3841 40 10
3842 10 40
3843 40 11
3844 11 40
3845 40 12
3846 12 40
3847 40 13
3848 13 40
3849 40 14
3850 14 40
3851 40 15
3852 15 40
3853 40 16
3854 16 40
3855 40 17
3856 17 40
3857 40 18
3858 18 40
3859 40 19
3860 19 40
3861 40 20
3862 20 40
3863 40 21
3864 21 40
3865 40 22
3866 22 40
3867 40 23
3868 23 40
3869 40 24
3870 24 40
3871 40 25
3872 25 40
3873 40 26
3874 26 40
3875 40 27
3876 27 40
3877 40 28
3878 28 40
3879 40 29
3880 29 40
3881 40 30
3882 30 40
3883 40 31
3884 31 40
3885 40 32
3886 32 40
3887 40 33
3888 33 40
3889 40 34
3890 34 40
3891 40 35
3892 35 40
3893 40 36
3894 36 40
3895 40 37
3896 37 40
3897 40 38
3898 38 40
3899 40 39
3900 39 40
3901 40 41
3902 41 40
3903 40 42
3904 42 40
3905 40 43
3906 43 40
3907 40 44
3908 44 40
3909 40 45
3910 45 40
3911 40 46
3912 46 40
3913 40 47
3914 47 40
3915 40 48
3916 48 40
3917 40 49
3918 49 40
3919 40 50
3920 50 40
3921 41 1
3922 1 41
3923 41 2
3924 2 41
3925 41 3
3926 3 41
3927 41 4
3928 4 41
3929 41 5
3930 5 41
3931 41 6
3932 6 41
3933 41 7
3934 7 41
3935 41 8
3936 8 41
3937 41 9
3938 9 41
3939 41 10
3940 10 41
3941 41 11
3942 11 41
3943 41 12
3944 12 41
3945 41 13
3946 13 41
3947 41 14
3948 14 41
3949 41 15
3950 15 41
3951 41 16
3952 16 41
3953 41 17
3954 17 41
3955 41 18
3956 18 41
3957 41 19
3958 19 41
3959 41 20
3960 20 41
3961 41 21
3962 21 41
3963 41 22
3964 22 41
3965 41 23
3966 23 41
3967 41 24
3968 24 41
3969 41 25
3970 25 41
3971 41 26
3972 26 41
3973 41 27
3974 27 41
3975 41 28
3976 28 41
3977 41 29
3978 29 41
3979 41 30
3980 30 41
3981 41 31
3982 31 41
3983 41 32
3984 32 41
3985 41 33
3986 33 41
3987 41 34
3988 34 41
3989 41 35
3990 35 41
3991 41 36
3992 36 41
3993 41 37
3994 37 41
3995 41 38
3996 38 41
3997 41 39
3998 39 41
3999 41 40
4000 40 41
4001 41 42
4002 42 41
4003 41 43
4004 43 41
4005 41 44
4006 44 41
4007 41 45
4008 45 41
4009 41 46
4010 46 41
4011 41 47
4012 47 41
4013 41 48
4014 48 41
4015 41 49
4016 49 41
4017 41 50
4018 50 41
4019 42 1
4020 1 42
4021 42 2
4022 2 42
4023 42 3
4024 3 42
4025 42 4
4026 4 42
4027 42 5
4028 5 42
4029 42 6
4030 6 42
4031 42 7
4032 7 42
4033 42 8
4034 8 42
4035 42 9
4036 9 42
4037 42 10
4038 10 42
4039 42 11
4040 11 42
4041 42 12
4042 12 42
4043 42 13
4044 13 42
4045 42 14
4046 14 42
4047 42 15
4048 15 42
4049 42 16
4050 16 42
4051 42 17
4052 17 42
4053 42 18
4054 18 42
4055 42 19
4056 19 42
4057 42 20
4058 20 42
4059 42 21
4060 21 42
4061 42 22
4062 22 42
4063 42 23
4064 23 42
4065 42 24
4066 24 42
4067 42 25
4068 25 42
4069 42 26
4070 26 42
4071 42 27
4072 27 42
4073 42 28
4074 28 42
4075 42 29
4076 29 42
4077 42 30
4078 30 42
4079 42 31
4080 31 42
4081 42 32
4082 32 42
4083 42 33
4084 33 42
4085 42 34
4086 34 42
4087 42 35
4088 35 42
4089 42 36
4090 36 42
4091 42 37
4092 37 42
4093 42 38
4094 38 42
4095 42 39
4096 39 42
4097 42 40
4098 40 42
4099 42 41
4100 41 42
4101 42 43
4102 43 42
4103 42 44
4104 44 42
4105 42 45
4106 45 42
4107 42 46
4108 46 42
4109 42 47
4110 47 42
4111 42 48
4112 48 42
4113 42 49
4114 49 42
4115 42 50
4116 50 42
4117 43 1
4118 1 43
4119 43 2
4120 2 43
4121 43 3
4122 3 43
4123 43 4
4124 4 43
4125 43 5
4126 5 43
4127 43 6
4128 6 43
4129 43 7
4130 7 43
4131 43 8
4132 8 43
4133 43 9
4134 9 43
4135 43 10
4136 10 43
4137 43 11
4138 11 43
4139 43 12
4140 12 43
4141 43 13
4142 13 43
4143 43 14
4144 14 43
4145 43 15
4146 15 43
4147 43 16
4148 16 43
4149 43 17
4150 17 43
4151 43 18
4152 18 43
4153 43 19
4154 19 43
4155 43 20
4156 20 43
4157 43 21
4158 21 43
4159 43 22
4160 22 43
4161 43 23
4162 23 43
4163 43 24
4164 24 43
4165 43 25
4166 25 43
4167 43 26
4168 26 43
4169 43 27
4170 27 43
4171 43 28
4172 28 43
4173 43 29
4174 29 43
4175 43 30
4176 30 43
4177 43 31
4178 31 43
4179 43 32
4180 32 43
4181 43 33
4182 33 43
4183 43 34
4184 34 43
4185 43 35
4186 35 43
4187 43 36
4188 36 43
4189 43 37
4190 37 43
4191 43 38
4192 38 43
4193 43 39
4194 39 43
4195 43 40
4196 40 43
4197 43 41
4198 41 43
4199 43 42
4200 42 43
4201 43 44
4202 44 43
4203 43 45
4204 45 43
4205 43 46
4206 46 43
4207 43 47
4208 47 43
4209 43 48
4210 48 43
4211 43 49
4212 49 43
4213 43 50
4214 50 43
4215 44 1
4216 1 44
4217 44 2
4218 2 44
4219 44 3
4220 3 44
4221 44 4
4222 4 44
4223 44 5
4224 5 44
4225 44 6
4226 6 44
4227 44 7
4228 7 44
4229 44 8
4230 8 44
4231 44 9
4232 9 44
4233 44 10
4234 10 44
4235 44 11
4236 11 44
4237 44 12
4238 12 44
4239 44 13
4240 13 44
4241 44 14
4242 14 44
4243 44 15
4244 15 44
4245 44 16
4246 16 44
4247 44 17
4248 17 44
4249 44 18
4250 18 44
4251 44 19
4252 19 44
4253 44 20
4254 20 44
4255 44 21
4256 21 44
4257 44 22
4258 22 44
4259 44 23
4260 23 44
4261 44 24
4262 24 44
4263 44 25
4264 25 44
4265 44 26
4266 26 44
4267 44 27
4268 27 44
4269 44 28
4270 28 44
4271 44 29
4272 29 44
4273 44 30
4274 30 44
4275 44 31
4276 31 44
4277 44 32
4278 32 44
4279 44 33
4280 33 44
4281 44 34
4282 34 44
4283 44 35
4284 35 44
4285 44 36
4286 36 44
4287 44 37
4288 37 44
4289 44 38
4290 38 44
4291 44 39
4292 39 44
4293 44 40
4294 40 44
4295 44 41
4296 41 44
4297 44 42
4298 42 44
4299 44 43
4300 43 44
4301 44 45
4302 45 44
4303 44 46
4304 46 44
4305 44 47
4306 47 44
4307 44 48
4308 48 44
4309 44 49
4310 49 44
4311 44 50
4312 50 44
4313 45 1
4314 1 45
4315 45 2
4316 2 45
4317 45 3
4318 3 45
4319 45 4
4320 4 45
4321 45 5
4322 5 45
4323 45 6
4324 6 45
4325 45 7
4326 7 45
4327 45 8
4328 8 45
4329 45 9
4330 9 45
4331 45 10
4332 10 45
4333 45 11
4334 11 45
4335 45 12
4336 12 45
4337 45 13
4338 13 45
4339 45 14
4340 14 45
4341 45 15
4342 15 45
4343 45 16
4344 16 45
4345 45 17
4346 17 45
4347 45 18
4348 18 45
4349 45 19
4350 19 45
4351 45 20
4352 20 45
4353 45 21
4354 21 45
4355 45 22
4356 22 45
4357 45 23
4358 23 45
4359 45 24
4360 24 45
4361 45 25
4362 25 45
4363 45 26
4364 26 45
4365 45 27
4366 27 45
4367 45 28
4368 28 45
4369 45 29
4370 29 45
4371 45 30
4372 30 45
4373 45 31
4374 31 45
4375 45 32
4376 32 45
4377 45 33
4378 33 45
4379 45 34
4380 34 45
4381 45 35
4382 35 45
4383 45 36
4384 36 45
4385 45 37
4386 37 45
4387 45 38
4388 38 45
4389 45 39
4390 39 45
4391 45 40
4392 40 45
4393 45 41
4394 41 45
4395 45 42
4396 42 45
4397 45 43
4398 43 45
4399 45 44
4400 44 45
4401 45 46
4402 46 45
4403 45 47
4404 47 45
4405 45 48
4406 48 45
4407 45 49
4408 49 45
4409 45 50
4410 50 45
4411 46 1
4412 1 46
4413 46 2
4414 2 46
4415 46 3
4416 3 46
4417 46 4
4418 4 46
4419 46 5
4420 5 46
4421 46 6
4422 6 46
4423 46 7
4424 7 46
4425 46 8
4426 8 46
4427 46 9
4428 9 46
4429 46 10
4430 10 46
4431 46 11
4432 11 46
4433 46 12
4434 12 46
4435 46 13
4436 13 46
4437 46 14
4438 14 46
4439 46 15
4440 15 46
4441 46 16
4442 16 46
4443 46 17
4444 17 46
4445 46 18
4446 18 46
4447 46 19
4448 19 46
4449 46 20
4450 20 46
4451 46 21
4452 21 46
4453 46 22
4454 22 46
4455 46 23
4456 23 46
4457 46 24
4458 24 46
4459 46 25
4460 25 46
4461 46 26
4462 26 46
4463 46 27
4464 27 46
4465 46 28
4466 28 46
4467 46 29
4468 29 46
4469 46 30
4470 30 46
4471 46 31
4472 31 46
4473 46 32
4474 32 46
4475 46 33
4476 33 46
4477 46 34
4478 34 46
4479 46 35
4480 35 46
4481 46 36
4482 36 46
4483 46 37
4484 37 46
4485 46 38
4486 38 46
4487 46 39
4488 39 46
4489 46 40
4490 40 46
4491 46 41
4492 41 46
4493 46 42
4494 42 46
4495 46 43
4496 43 46
4497 46 44
4498 44 46
4499 46 45
4500 45 46
4501 46 47
4502 47 46
4503 46 48
4504 48 46
4505 46 49
4506 49 46
4507 46 50
4508 50 46
4509 47 1
4510 1 47
4511 47 2
4512 2 47
4513 47 3
4514 3 47
4515 47 4
4516 4 47
4517 47 5
4518 5 47
4519 47 6
4520 6 47
4521 47 7
4522 7 47
4523 47 8
4524 8 47
4525 47 9
4526 9 47
4527 47 10
4528 10 47
4529 47 11
4530 11 47
4531 47 12
4532 12 47
4533 47 13
4534 13 47
4535 47 14
4536 14 47
4537 47 15
4538 15 47
4539 47 16
4540 16 47
4541 47 17
4542 17 47
4543 47 18
4544 18 47
4545 47 19
4546 19 47
4547 47 20
4548 20 47
4549 47 21
4550 21 47
4551 47 22
4552 22 47
4553 47 23
4554 23 47
4555 47 24
4556 24 47
4557 47 25
4558 25 47
4559 47 26
4560 26 47
4561 47 27
4562 27 47
4563 47 28
4564 28 47
4565 47 29
4566 29 47
4567 47 30
4568 30 47
4569 47 31
4570 31 47
4571 47 32
4572 32 47
4573 47 33
4574 33 47
4575 47 34
4576 34 47
4577 47 35
4578 35 47
4579 47 36
4580 36 47
4581 47 37
4582 37 47
4583 47 38
4584 38 47
4585 47 39
4586 39 47
4587 47 40
4588 40 47
4589 47 41
4590 41 47
4591 47 42
4592 42 47
4593 47 43
4594 43 47
4595 47 44
4596 44 47
4597 47 45
4598 45 47
4599 47 46
4600 46 47
4601 47 48
4602 48 47
4603 47 49
4604 49 47
4605 47 50
4606 50 47
4607 48 1
4608 1 48
4609 48 2
4610 2 48
4611 48 3
4612 3 48
4613 48 4
4614 4 48
4615 48 5
4616 5 48
4617 48 6
4618 6 48
4619 48 7
4620 7 48
4621 48 8
4622 8 48
4623 48 9
4624 9 48
4625 48 10
4626 10 48
4627 48 11
4628 11 48
4629 48 12
4630 12 48
4631 48 13
4632 13 48
4633 48 14
4634 14 48
4635 48 15
4636 15 48
4637 48 16
4638 16 48
4639 48 17
4640 17 48
4641 48 18
4642 18 48
4643 48 19
4644 19 48
4645 48 20
4646 20 48
4647 48 21
4648 21 48
4649 48 22
4650 22 48
4651 48 23
4652 23 48
4653 48 24
4654 24 48
4655 48 25
4656 25 48
4657 48 26
4658 26 48
4659 48 27
4660 27 48
4661 48 28
4662 28 48
4663 48 29
4664 29 48
4665 48 30
4666 30 48
4667 48 31
4668 31 48
4669 48 32
4670 32 48
4671 48 33
4672 33 48
4673 48 34
4674 34 48
4675 48 35
4676 35 48
4677 48 36
4678 36 48
4679 48 37
4680 37 48
4681 48 38
4682 38 48
4683 48 39
4684 39 48
4685 48 40
4686 40 48
4687 48 41
4688 41 48
4689 48 42
4690 42 48
4691 48 43
4692 43 48
4693 48 44
4694 44 48
4695 48 45
4696 45 48
4697 48 46
4698 46 48
4699 48 47
4700 47 48
4701 48 49
4702 49 48
4703 48 50
4704 50 48
4705 49 1
4706 1 49
4707 49 2
4708 2 49
4709 49 3
4710 3 49
4711 49 4
4712 4 49
4713 49 5
4714 5 49
4715 49 6
4716 6 49
4717 49 7
4718 7 49
4719 49 8
4720 8 49
4721 49 9
4722 9 49
4723 49 10
4724 10 49
4725 49 11
4726 11 49
4727 49 12
4728 12 49
4729 49 13
4730 13 49
4731 49 14
4732 14 49
4733 49 15
4734 15 49
4735 49 16
4736 16 49
4737 49 17
4738 17 49
4739 49 18
4740 18 49
4741 49 19
4742 19 49
4743 49 20
4744 20 49
4745 49 21
4746 21 49
4747 49 22
4748 22 49
4749 49 23
4750 23 49
4751 49 24
4752 24 49
4753 49 25
4754 25 49
4755 49 26
4756 26 49
4757 49 27
4758 27 49
4759 49 28
4760 28 49
4761 49 29
4762 29 49
4763 49 30
4764 30 49
4765 49 31
4766 31 49
4767 49 32
4768 32 49
4769 49 33
4770 33 49
4771 49 34
4772 34 49
4773 49 35
4774 35 49
4775 49 36
4776 36 49
4777 49 37
4778 37 49
4779 49 38
4780 38 49
4781 49 39
4782 39 49
4783 49 40
4784 40 49
4785 49 41
4786 41 49
4787 49 42
4788 42 49
4789 49 43
4790 43 49
4791 49 44
4792 44 49
4793 49 45
4794 45 49
4795 49 46
4796 46 49
4797 49 47
4798 47 49
4799 49 48
4800 48 49
4801 49 50
4802 50 49
4803 50 1
4804 1 50
4805 50 2
4806 2 50
4807 50 3
4808 3 50
4809 50 4
4810 4 50
4811 50 5
4812 5 50
4813 50 6
4814 6 50
4815 50 7
4816 7 50
4817 50 8
4818 8 50
4819 50 9
4820 9 50
4821 50 10
4822 10 50
4823 50 11
4824 11 50
4825 50 12
4826 12 50
4827 50 13
4828 13 50
4829 50 14
4830 14 50
4831 50 15
4832 15 50
4833 50 16
4834 16 50
4835 50 17
4836 17 50
4837 50 18
4838 18 50
4839 50 19
4840 19 50
4841 50 20
4842 20 50
4843 50 21
4844 21 50
4845 50 22
4846 22 50
4847 50 23
4848 23 50
4849 50 24
4850 24 50
4851 50 25
4852 25 50
4853 50 26
4854 26 50
4855 50 27
4856 27 50
4857 50 28
4858 28 50
4859 50 29
4860 29 50
4861 50 30
4862 30 50
4863 50 31
4864 31 50
4865 50 32
4866 32 50
4867 50 33
4868 33 50
4869 50 34
4870 34 50
4871 50 35
4872 35 50
4873 50 36
4874 36 50
4875 50 37
4876 37 50
4877 50 38
4878 38 50
4879 50 39
4880 39 50
4881 50 40
4882 40 50
4883 50 41
4884 41 50
4885 50 42
4886 42 50
4887 50 43
4888 43 50
4889 50 44
4890 44 50
4891 50 45
4892 45 50
4893 50 46
4894 46 50
4895 50 47
4896 47 50
4897 50 48
4898 48 50
4899 50 49
4900 49 50
